-0.589855;620320396
-0.601355;5062
-0.612731;502
-0.624024;1462700
-0.635147;1193249
-0.646139;505
-0.656999;1096979
-0.667724;4217612
-0.678312;551
-0.688801;1475628
-0.699108;1011913
-0.709272;5518576
-0.719291;936
-0.729163;449
-0.738885;1227129
-0.748455;2255121
-0.757908;4513152
-0.767169;662
-0.776273;418
-0.785218;407
-0.794002;1489279
-0.802624;1500811
-0.811081;3120997
-0.819402;564
-0.827524;3292070
-0.835477;776
-0.843258;1150774
-0.850866;1810716
-0.8583;1124735
-0.865558;6020033
-0.872666;928
-0.879567;512
-0.886288;424
-0.892827;459
-0.899183;3486410
-0.905355;1495617
-0.911342;7521921
-0.917163;922
-0.922774;586
-0.928196;568
-0.933427;445
-0.938468;432
-0.943316;1110482
-0.94797;2868474
-0.952447;574
-0.956712;3500470
-0.96078;1496500
-0.964651;7026094
-0.968325;790
-0.9718;456
-0.975077;411
-0.978164;437
-0.981039;1425363
-0.983713;560
-0.986185;1046281
-0.988456;1473580
-0.990523;6904753
-0.992388;686
-0.994055;602
-0.995512;1955644
-0.996765;692
-0.997813;7195967
-0.998657;1284
-0.999296;425
-0.999731;489
-0.999961;1475360
-0.999985;2516955
-0.999804;7990707
-0.999418;1124
-0.998827;1449
-0.998032;463
-0.997032;405
-0.995822;1480794
-0.994413;2494504
-0.9928;1047197
-0.990983;7015859
-0.988964;1143
-0.986741;426
-0.984317;502
-0.98168;1426349
-0.978852;2072518
-0.975823;524
-0.972594;4445348
-0.969166;521
-0.965539;526
-0.961714;1299663
-0.957677;1184161
-0.953458;6612119
-0.949044;760
-0.944435;628
-0.939633;495
-0.934638;3043928
-0.929452;1130
-0.924054;7621845
-0.918487;1216
-0.912732;539
-0.906789;476
-0.900661;420
-0.894349;408
-0.887852;2227982
-0.881149;1496107
-0.874289;4517639
-0.867251;629
-0.860035;448
-0.852642;1048456
-0.845075;541
-0.837335;6937069
-0.829392;704
-0.82131;499
-0.813059;468
-0.804641;2590178
-0.796058;2394798
-0.787313;1025387
-0.778406;5987404
-0.769304;976
-0.76008;682
-0.750699;713
-0.741165;732
-0.731478;1072711
-0.721642;4081886
-0.711658;728
-0.701489;2376431
-0.691215;1458467
-0.680799;5084296
-0.670243;823
-0.65955;525
-0.648722;493
-0.637761;7545992
-0.626627;835
-0.615406;676
-0.604059;400
-0.592589;2419789
-0.580997;1285225
-0.569286;1163064
-0.557413;1146792
-0.54547;4361238
-0.533416;623
-0.521252;443
-0.508982;1072392
-0.496607;1304757
-0.484131;5642821
-0.471507;655
-0.458834;440
-0.446068;1060044
-0.433209;2417615
-0.420263;8505009
-0.407229;774
-0.394113;517
-0.380865;583
-0.367589;570
-0.354238;505
-0.340815;1488015
-0.327321;1499676
-0.313761;1500603
-0.300136;1043016
-0.286397;2462551
-0.272652;5207494
-0.258851;951
-0.244997;819
-0.231092;448
-0.217141;6803485
-0.203144;1061
-0.189053;477
-0.174976;453
-0.160863;2981724
-0.146718;5008173
-0.132542;687
-0.118339;433
-0.104112;1282052
-0.0898091;1213106
-0.0755421;1024060
-0.0612597;1050948
-0.0469647;7432281
-0.0326601;799
-0.0183488;422
-0.00403378;445
0.0103367;1078665
0.0246505;1410744
0.0389592;5508242
0.0532599;734
0.0675498;511
0.0818257;462
0.0960849;1070225
0.110379;1421555
0.124596;8535923
0.138787;795
0.15295;574
0.167081;605
0.181178;3513189
0.195238;778
0.209312;538
0.223289;7006729
0.23722;931
0.251103;665
0.264934;418
0.278711;1017
0.292431;470
0.306143;2530072
0.319739;1478622
0.333271;6462439
